1,1,571249.589999999850000,614140.910000000150000,UNPAVED
2,1,571274.010000001640000,614057.750000000000000,UNPAVED
3,1,571284.210000000890000,613993.940000000410000,UNPAVED
4,1,571277.879999998960000,613896.129999999890000,UNPAVED
5,1,571241.600000001490000,613186.719999999740000,UNPAVED
6,1,571225.820000000300000,612882.679999999700000,UNPAVED
7,1,571218.890000000600000,612825.719999999740000,UNPAVED
8,1,571191.050000000750000,612715.169999999930000,UNPAVED
9,1,571162.910000000150000,612625.929999999700000,UNPAVED
10,1,571139.429999999700000,612534.980000000450000,UNPAVED
11,1,571129.559999998660000,612467.320000000300000,UNPAVED
12,1,571132.199999999250000,612390.969999999740000,UNPAVED
13,1,571145.890000000600000,612300.549999999810000,UNPAVED
14,1,571171.050000000750000,612165.879999999890000,UNPAVED
15,1,571305.210000000890000,611627.690000000410000,UNPAVED
16,1,571305.280600000170000,611627.394500000400000,UNPAVED
17,2,571841.800000000750000,622151.379999999890000,PAVED
18,2,571928.370000001040000,622157.950000000190000,PAVED
19,2,572126.170000001790000,622178.580000000070000,PAVED
20,2,572350.320000000300000,622196.019999999550000,PAVED
21,2,572422.940000001340000,622204.190000000410000,PAVED
22,2,572452.339999999850000,622204.610000000340000,PAVED
23,2,572495.690000001340000,622203.459999999960000,PAVED
24,2,572605.600000001490000,622201.500000000000000,PAVED
25,2,572735.780000001190000,622189.160000000150000,PAVED
26,2,572883.010000001640000,622175.309999999590000,PAVED
27,2,573014.760000001640000,622161.230000000450000,PAVED
28,2,573138.780000001190000,622147.040000000040000,PAVED
29,2,573242.629999998960000,622136.120000000110000,PAVED
30,2,573295.230000000450000,622136.879999999890000,PAVED
31,2,573370.969999998810000,622143.309999999590000,PAVED
32,2,573429.719999998810000,622147.719999999740000,PAVED
33,2,573527.170000001790000,622150.910000000150000,PAVED
34,2,573555.000000000000000,622153.089999999850000,PAVED
35,2,573644.640000000600000,622161.500000000000000,PAVED
36,2,573729.690000001340000,622166.290000000040000,PAVED
37,2,573776.160000000150000,622163.419999999930000,PAVED
38,2,573852.239999998360000,622146.759999999780000,PAVED
39,2,573946.980000000450000,622123.269999999550000,PAVED
40,2,574495.390000000600000,621987.370000000110000,PAVED
41,2,575166.570000000300000,621810.669999999930000,PAVED
42,2,575671.500000000000000,621679.519999999550000,PAVED
43,2,575750.679999999700000,621662.919999999930000,PAVED
44,2,575820.199999999250000,621671.049999999810000,PAVED
45,2,575902.030000001190000,621684.690000000410000,PAVED
46,2,575995.920000001790000,621719.830000000070000,PAVED
47,2,576177.199999999250000,621811.339999999850000,PAVED
48,2,577093.089999999850000,622251.299999999810000,PAVED
49,2,577208.289999999110000,622309.860000000340000,PAVED
50,2,577323.699999999250000,622354.219999999740000,PAVED
51,2,577465.359999999400000,622402.519999999550000,PAVED
52,2,577594.730000000450000,622445.309999999590000,PAVED
53,2,577640.929999999700000,622460.209999999960000,PAVED
54,2,578064.539999999110000,622599.780000000260000,PAVED
55,2,578254.000000000000000,622659.459999999960000,PAVED
56,2,578389.489999998360000,622705.900000000370000,PAVED
57,2,578497.289999999110000,622741.269999999550000,PAVED
58,2,578521.969999998810000,622746.969999999740000,PAVED
59,2,578537.440000001340000,622747.200000000190000,PAVED
60,2,578594.609999999400000,622753.389999999660000,PAVED
61,2,578641.129999998960000,622746.980000000450000,PAVED
62,2,578697.019999999550000,622735.379999999890000,PAVED
63,2,578785.719999998810000,622702.959999999960000,PAVED
64,2,579347.129999998960000,622521.280000000260000,PAVED
65,2,579736.000000000000000,622390.330000000070000,PAVED
66,2,579774.839999999850000,622380.259999999780000,PAVED
67,2,580653.679999999700000,622087.959999999960000,PAVED
68,2,580711.350000001490000,622067.509999999780000,PAVED
69,2,580756.760000001640000,622032.669999999930000,PAVED
70,2,580824.160000000150000,621976.830000000070000,PAVED
71,2,581078.600000001490000,621731.959999999960000,PAVED
72,2,581157.109999999400000,621658.540000000040000,PAVED
73,2,581221.489999998360000,621597.330000000070000,PAVED
74,2,581287.260000001640000,621546.809999999590000,PAVED
75,2,581338.710000000890000,621522.719999999740000,PAVED
76,2,581355.890000000600000,621512.320000000300000,PAVED
77,2,581366.030000001190000,621507.030000000260000,PAVED
78,2,581366.185699999330000,621507.021999999880000,PAVED
79,3,571713.399999998510000,621932.780000000260000,UNPAVED
80,3,571707.469999998810000,621914.929999999700000,UNPAVED
81,3,571590.410000000150000,621552.589999999850000,UNPAVED
82,3,571255.910000000150000,620488.900000000370000,UNPAVED
83,3,571227.899999998510000,620390.780000000260000,UNPAVED
84,3,571214.570000000300000,620349.730000000450000,UNPAVED
85,3,571168.449999999250000,620219.370000000110000,UNPAVED
86,3,571140.289999999110000,620131.910000000150000,UNPAVED
87,3,571136.420000001790000,620078.559999999590000,UNPAVED
88,3,571137.559999998660000,619998.629999999890000,UNPAVED
89,3,571162.129999998960000,619904.820000000300000,UNPAVED
90,3,571213.850000001490000,619752.769999999550000,UNPAVED
91,3,571596.149999998510000,618571.459999999960000,UNPAVED
92,3,571618.109999999400000,618443.849999999630000,UNPAVED
93,3,571655.859999999400000,618295.160000000150000,UNPAVED
94,3,571674.390000000600000,618190.599999999630000,UNPAVED
95,3,571685.420000001790000,618069.950000000190000,UNPAVED
96,3,571688.320000000300000,617975.830000000070000,UNPAVED
97,3,571667.960000000890000,617884.919999999930000,UNPAVED
98,3,571614.379999998960000,617734.910000000150000,UNPAVED
99,3,571458.480000000450000,617379.120000000110000,UNPAVED
100,3,571197.929999999700000,616762.419999999930000,UNPAVED
101,3,570994.100000001490000,616292.240000000220000,UNPAVED
102,3,570943.379999998960000,616158.259999999780000,UNPAVED
103,3,570917.109999999400000,616045.959999999960000,UNPAVED
104,3,570904.710000000890000,615939.179999999700000,UNPAVED
105,3,570902.170000001790000,615900.059999999590000,UNPAVED
106,3,570860.699999999250000,615200.339999999850000,UNPAVED
107,3,570844.789999999110000,614932.839999999850000,UNPAVED
108,3,570840.649999998510000,614897.240000000220000,UNPAVED
109,3,570840.019999999550000,614833.280000000260000,UNPAVED
110,3,570847.640000000600000,614733.889999999660000,UNPAVED
111,3,570880.030000001190000,614634.860000000340000,UNPAVED
112,3,570918.260000001640000,614560.790000000040000,UNPAVED
113,3,570985.899999998510000,614487.139999999660000,UNPAVED
114,3,571108.829999998210000,614344.990000000220000,UNPAVED
115,3,571192.339999999850000,614244.910000000150000,UNPAVED
116,3,571238.320000000300000,614170.950000000190000,UNPAVED
117,3,571249.589999999850000,614140.910000000150000,UNPAVED
118,4,571249.589999999850000,614140.910000000150000,UNPAVED
119,4,571269.489999998360000,614048.809999999590000,UNPAVED
120,4,571270.309999998660000,613991.969999999740000,UNPAVED
121,4,571267.829999998210000,613982.379999999890000,UNPAVED
122,4,571252.699999999250000,613924.200000000190000,UNPAVED
123,4,571239.170000001790000,613895.580000000070000,UNPAVED
124,4,571226.940000001340000,613884.740000000220000,UNPAVED
125,4,570379.589999999850000,613133.509999999780000,UNPAVED
126,4,570283.429999999700000,613034.419999999930000,UNPAVED
127,4,570227.120000001040000,612964.330000000070000,UNPAVED
128,4,570178.500000000000000,612897.900000000370000,UNPAVED
129,4,570142.170000001790000,612838.750000000000000,UNPAVED
130,4,570124.100000001490000,612802.959999999960000,UNPAVED
131,4,570112.070000000300000,612777.919999999930000,UNPAVED
132,4,570076.140000000600000,612690.349999999630000,UNPAVED
133,4,570047.910000000150000,612606.440000000410000,UNPAVED
134,4,570008.710000000890000,612531.259999999780000,UNPAVED
135,4,569981.420000001790000,612490.009999999780000,UNPAVED
136,4,569917.750000000000000,612393.160000000150000,UNPAVED
137,4,569870.850000001490000,612314.320000000300000,UNPAVED
138,4,569803.699999999250000,612244.070000000300000,UNPAVED
139,4,569728.449999999250000,612198.580000000070000,UNPAVED
140,4,569668.359999999400000,612176.410000000150000,UNPAVED
141,4,569591.199999999250000,612155.769999999550000,UNPAVED
142,4,569521.620000001040000,612147.669999999930000,UNPAVED
143,4,569471.989999998360000,612152.299999999810000,UNPAVED
144,4,569423.829999998210000,612162.269999999550000,UNPAVED
145,4,569406.896299999210000,612168.843799999920000,UNPAVED
146,5,571623.960000000890000,622125.150000000370000,UNPAVED
147,5,571648.899999998510000,622113.070000000300000,UNPAVED
148,5,571678.710000000890000,622085.070000000300000,UNPAVED
149,5,571697.660000000150000,622058.690000000410000,UNPAVED
150,5,571713.690000001340000,622019.839999999850000,UNPAVED
151,5,571717.300000000750000,621984.360000000340000,UNPAVED
152,5,571713.399999998510000,621932.780000000260000,UNPAVED
153,6,571841.800000000750000,622151.379999999890000,UNPAVED
154,6,571800.399999998510000,622124.129999999890000,UNPAVED
155,6,571771.469999998810000,622091.740000000220000,UNPAVED
156,6,571747.429999999700000,622041.639999999660000,UNPAVED
157,6,571713.399999998510000,621932.780000000260000,UNPAVED
158,7,571623.960000000890000,622125.150000000370000,PAVED
159,7,571841.800000000750000,622151.379999999890000,PAVED
160,8,569240.117300000040000,623908.512000000100000,PAVED
161,8,569407.609999999400000,623871.740000000220000,PAVED
162,8,569689.850000001490000,623808.240000000220000,PAVED
163,8,569741.370000001040000,623796.650000000370000,PAVED
164,8,569834.649999998510000,623766.000000000000000,PAVED
165,8,569920.350000001490000,623724.580000000070000,PAVED
166,8,569985.879999998960000,623686.429999999700000,PAVED
167,8,570047.179999999700000,623619.790000000040000,PAVED
168,8,570154.010000001640000,623507.620000000110000,PAVED
169,8,570587.570000000300000,623055.440000000410000,PAVED
170,8,570848.329999998210000,622785.570000000300000,PAVED
171,8,571140.620000001040000,622482.410000000150000,PAVED
172,8,571297.719999998810000,622319.440000000410000,PAVED
173,8,571354.309999998660000,622258.070000000300000,PAVED
174,8,571387.260000001640000,622226.559999999590000,PAVED
175,8,571396.679999999700000,622217.809999999590000,PAVED
176,8,571452.839999999850000,622186.639999999660000,PAVED
177,8,571512.070000000300000,622157.290000000040000,PAVED
178,8,571557.199999999250000,622140.169999999930000,PAVED
179,8,571600.649999998510000,622131.919999999930000,PAVED
180,8,571623.960000000890000,622125.150000000370000,PAVED